username,EnvironmentSatisfaction,Gender,JobInvolvement,MaritalStatus,PercentSalaryHike,StockOptionLevel,WorkLifeBalance,YearsAtCompany,YearsInCurrentRole,Dept,education,recruitment_type,job_level,rating,onsite,salary,satisfied,height,weight,fullname,password,skills,dob,email,SkillPointEarned
test1,1,Female,2,Married,16,0,3,25,8,HR,PG,On-Campus,4,4,0,65715,0,165,40,Kobe Seymour,"98,50,51,97,55,49,101,49,97,97,102,97,100,98,97,100,97,55,50,48,53,98,55,57,101,98,49,98,53,55,55,51,99,50,50,51,48,51,51,54,98,97,49,51,48,100,101,52,55,51,53,97,48,100,48,49,50,53,53,50,101,49,102,101,52,54,51,98,53,102,55,56,55,52,49,99,48,97,101,54,98,102,101,49,51,54,98,100,51,51,53,98,49,50,56,55,99,102,102,102,57,99,52,56,97,57,52,101,57,100,49,102,55,53,54,49,54,54,53,55,48,54,49,57,50,48,48,102,53,99,49,54,100,102,55,52,102,54,49,51,100,101,98,51,49,57,99,50,98,100,98,54,97,52,53,56,101,56,56,48,48,50,98,100,51,99,51,98,55,98,55,53,57,50,97,51,98,51,51,51,99,99,53,99,98,56,57,97,53,100,100,57","['Unity', 'LGPD Lei Geral de Proteção de Dados', 'Swift', 'iOS Development', 'React']",29-05-1996,test1@EY.com,9700
HR1098,1,Female,2,Married,16,0,3,25,8,HR,PG,Walk-in,4,5,0,65715,0,159,93,Shaun Taylor,"98,50,51,97,55,49,101,49,97,97,102,97,100,98,97,100,97,55,50,48,53,98,55,57,101,98,49,98,53,55,55,51,99,50,50,51,48,51,51,54,98,97,49,51,48,100,101,52,55,51,53,97,48,100,48,49,50,53,53,50,101,49,102,101,52,54,51,98,53,102,55,56,55,52,49,99,48,97,101,54,98,102,101,49,51,54,98,100,51,51,53,98,49,50,56,55,99,102,102,102,57,99,52,56,97,57,52,101,57,100,49,102,55,53,54,49,54,54,53,55,48,54,49,57,50,48,48,102,53,99,49,54,100,102,55,52,102,54,49,51,100,101,98,51,49,57,99,50,98,100,98,54,97,52,53,56,101,56,56,48,48,50,98,100,51,99,51,98,55,98,55,53,57,50,97,51,98,51,51,51,99,99,53,99,98,56,57,97,53,100,100,57","['Belly Dancing', 'AWS Certified DevOps Engineer - Professional', 'AWS Certified SysOps Administrator - Associate', 'Database Management', 'Microsoft Access']",31-05-1968,HR1098@EY.com,13700
HR1197,4,Male,2,Single,15,0,3,0,0,HR,PG,Walk-in,1,2,0,24076,0,155,66,Frank Briggs,"98,50,51,97,55,49,101,49,97,97,102,97,100,98,97,100,97,55,50,48,53,98,55,57,101,98,49,98,53,55,55,51,99,50,50,51,48,51,51,54,98,97,49,51,48,100,101,52,55,51,53,97,48,100,48,49,50,53,53,50,101,49,102,101,52,54,51,98,53,102,55,56,55,52,49,99,48,97,101,54,98,102,101,49,51,54,98,100,51,51,53,98,49,50,56,55,99,102,102,102,57,99,52,56,97,57,52,101,57,100,49,102,55,53,54,49,54,54,53,55,48,54,49,57,50,48,48,102,53,99,49,54,100,102,55,52,102,54,49,51,100,101,98,51,49,57,99,50,98,100,98,54,97,52,53,56,101,56,56,48,48,50,98,100,51,99,51,98,55,98,55,53,57,50,97,51,98,51,51,51,99,99,53,99,98,56,57,97,53,100,100,57","['Writing a Book', 'Embroidery', 'PostgreSQL', 'RSLogix/Studio 5000', 'Social Psychology']",17-06-1974,HR1197@EY.com,14000
HR1635,4,Male,2,Single,15,0,3,0,0,HR,UG,On-Campus,1,2,0,24076,0,177,78,Shaun Carroll,"98,50,51,97,55,49,101,49,97,97,102,97,100,98,97,100,97,55,50,48,53,98,55,57,101,98,49,98,53,55,55,51,99,50,50,51,48,51,51,54,98,97,49,51,48,100,101,52,55,51,53,97,48,100,48,49,50,53,53,50,101,49,102,101,52,54,51,98,53,102,55,56,55,52,49,99,48,97,101,54,98,102,101,49,51,54,98,100,51,51,53,98,49,50,56,55,99,102,102,102,57,99,52,56,97,57,52,101,57,100,49,102,55,53,54,49,54,54,53,55,48,54,49,57,50,48,48,102,53,99,49,54,100,102,55,52,102,54,49,51,100,101,98,51,49,57,99,50,98,100,98,54,97,52,53,56,101,56,56,48,48,50,98,100,51,99,51,98,55,98,55,53,57,50,97,51,98,51,51,51,99,99,53,99,98,56,57,97,53,100,100,57","['German Language', 'Ethics', 'Team Building', 'Shamanism', 'Life Coach Training']",23-11-1967,HR1635@EY.com,10400
HR1663,2,Female,3,Single,11,0,1,6,4,HR,UG,Recruitment Agency,2,5,1,29805,0,163,91,Kobe Morgan,"98,50,51,97,55,49,101,49,97,97,102,97,100,98,97,100,97,55,50,48,53,98,55,57,101,98,49,98,53,55,55,51,99,50,50,51,48,51,51,54,98,97,49,51,48,100,101,52,55,51,53,97,48,100,48,49,50,53,53,50,101,49,102,101,52,54,51,98,53,102,55,56,55,52,49,99,48,97,101,54,98,102,101,49,51,54,98,100,51,51,53,98,49,50,56,55,99,102,102,102,57,99,52,56,97,57,52,101,57,100,49,102,55,53,54,49,54,54,53,55,48,54,49,57,50,48,48,102,53,99,49,54,100,102,55,52,102,54,49,51,100,101,98,51,49,57,99,50,98,100,98,54,97,52,53,56,101,56,56,48,48,50,98,100,51,99,51,98,55,98,55,53,57,50,97,51,98,51,51,51,99,99,53,99,98,56,57,97,53,100,100,57","['Oracle Certification', 'CompTIA Security+', 'Nursing', 'React', 'Cisco CCNA']",01-03-1996,HR1663@EY.com,10900
HR1863,2,Female,3,Single,11,0,1,6,4,HR,UG,Referral,2,4,1,29805,0,171,73,Kobe Carroll,"98,50,51,97,55,49,101,49,97,97,102,97,100,98,97,100,97,55,50,48,53,98,55,57,101,98,49,98,53,55,55,51,99,50,50,51,48,51,51,54,98,97,49,51,48,100,101,52,55,51,53,97,48,100,48,49,50,53,53,50,101,49,102,101,52,54,51,98,53,102,55,56,55,52,49,99,48,97,101,54,98,102,101,49,51,54,98,100,51,51,53,98,49,50,56,55,99,102,102,102,57,99,52,56,97,57,52,101,57,100,49,102,55,53,54,49,54,54,53,55,48,54,49,57,50,48,48,102,53,99,49,54,100,102,55,52,102,54,49,51,100,101,98,51,49,57,99,50,98,100,98,54,97,52,53,56,101,56,56,48,48,50,98,100,51,99,51,98,55,98,55,53,57,50,97,51,98,51,51,51,99,99,53,99,98,56,57,97,53,100,100,57","['Music Career', 'Minimalist Lifestyle', 'Change Management', 'Emotional Intelligence', 'Sustainable Architecture']",15-07-1996,HR1863@EY.com,9100
HR1878,4,Male,2,Single,15,0,3,0,0,HR,PG,Walk-in,1,5,0,24076,1,173,84,Frank Farmer,"98,50,51,97,55,49,101,49,97,97,102,97,100,98,97,100,97,55,50,48,53,98,55,57,101,98,49,98,53,55,55,51,99,50,50,51,48,51,51,54,98,97,49,51,48,100,101,52,55,51,53,97,48,100,48,49,50,53,53,50,101,49,102,101,52,54,51,98,53,102,55,56,55,52,49,99,48,97,101,54,98,102,101,49,51,54,98,100,51,51,53,98,49,50,56,55,99,102,102,102,57,99,52,56,97,57,52,101,57,100,49,102,55,53,54,49,54,54,53,55,48,54,49,57,50,48,48,102,53,99,49,54,100,102,55,52,102,54,49,51,100,101,98,51,49,57,99,50,98,100,98,54,97,52,53,56,101,56,56,48,48,50,98,100,51,99,51,98,55,98,55,53,57,50,97,51,98,51,51,51,99,99,53,99,98,56,57,97,53,100,100,57","['Personal Budgeting', 'Cisco CCNA', 'Unity', 'Certified Management Accountant (CMA)', 'SQL Server']",12-09-1994,HR1878@EY.com,15000
HR1956,3,Female,3,Divorced,11,1,2,14,13,HR,PG,Walk-in,5,5,1,86750,0,173,84,David Morales,"98,50,51,97,55,49,101,49,97,97,102,97,100,98,97,100,97,55,50,48,53,98,55,57,101,98,49,98,53,55,55,51,99,50,50,51,48,51,51,54,98,97,49,51,48,100,101,52,55,51,53,97,48,100,48,49,50,53,53,50,101,49,102,101,52,54,51,98,53,102,55,56,55,52,49,99,48,97,101,54,98,102,101,49,51,54,98,100,51,51,53,98,49,50,56,55,99,102,102,102,57,99,52,56,97,57,52,101,57,100,49,102,55,53,54,49,54,54,53,55,48,54,49,57,50,48,48,102,53,99,49,54,100,102,55,52,102,54,49,51,100,101,98,51,49,57,99,50,98,100,98,54,97,52,53,56,101,56,56,48,48,50,98,100,51,99,51,98,55,98,55,53,57,50,97,51,98,51,51,51,99,99,53,99,98,56,57,97,53,100,100,57","['SEO', 'Website Flipping', 'Marketing Strategy', 'Amazon Kindle Direct Publishing (KDP)', 'Chemical Engineering']",29-06-1998,HR1956@EY.com,13800
HR1980,1,Female,2,Married,16,0,3,25,8,HR,UG,Referral,4,1,1,65715,1,153,50,Kobe Bush,"98,50,51,97,55,49,101,49,97,97,102,97,100,98,97,100,97,55,50,48,53,98,55,57,101,98,49,98,53,55,55,51,99,50,50,51,48,51,51,54,98,97,49,51,48,100,101,52,55,51,53,97,48,100,48,49,50,53,53,50,101,49,102,101,52,54,51,98,53,102,55,56,55,52,49,99,48,97,101,54,98,102,101,49,51,54,98,100,51,51,53,98,49,50,56,55,99,102,102,102,57,99,52,56,97,57,52,101,57,100,49,102,55,53,54,49,54,54,53,55,48,54,49,57,50,48,48,102,53,99,49,54,100,102,55,52,102,54,49,51,100,101,98,51,49,57,99,50,98,100,98,54,97,52,53,56,101,56,56,48,48,50,98,100,51,99,51,98,55,98,55,53,57,50,97,51,98,51,51,51,99,99,53,99,98,56,57,97,53,100,100,57","['Embedded C', 'Merchandising', 'Social Media Marketing', 'Customer Experience Management', 'LinkedIn']",31-12-1993,HR1980@EY.com,12700
HR2059,1,Female,2,Married,16,0,3,25,8,HR,PG,Referral,4,1,1,65715,1,151,84,Michael Seymour,"98,50,51,97,55,49,101,49,97,97,102,97,100,98,97,100,97,55,50,48,53,98,55,57,101,98,49,98,53,55,55,51,99,50,50,51,48,51,51,54,98,97,49,51,48,100,101,52,55,51,53,97,48,100,48,49,50,53,53,50,101,49,102,101,52,54,51,98,53,102,55,56,55,52,49,99,48,97,101,54,98,102,101,49,51,54,98,100,51,51,53,98,49,50,56,55,99,102,102,102,57,99,52,56,97,57,52,101,57,100,49,102,55,53,54,49,54,54,53,55,48,54,49,57,50,48,48,102,53,99,49,54,100,102,55,52,102,54,49,51,100,101,98,51,49,57,99,50,98,100,98,54,97,52,53,56,101,56,56,48,48,50,98,100,51,99,51,98,55,98,55,53,57,50,97,51,98,51,51,51,99,99,53,99,98,56,57,97,53,100,100,57","['SaaS', 'Value Investing', 'Marketing Management', 'Blogging', 'Healthcare IT']",25-02-1979,HR2059@EY.com,11900
MKT1189,1,Female,2,Married,16,0,3,25,8,Marketing,UG,Walk-in,4,3,1,65715,1,162,67,Sean Ryan,"98,50,51,97,55,49,101,49,97,97,102,97,100,98,97,100,97,55,50,48,53,98,55,57,101,98,49,98,53,55,55,51,99,50,50,51,48,51,51,54,98,97,49,51,48,100,101,52,55,51,53,97,48,100,48,49,50,53,53,50,101,49,102,101,52,54,51,98,53,102,55,56,55,52,49,99,48,97,101,54,98,102,101,49,51,54,98,100,51,51,53,98,49,50,56,55,99,102,102,102,57,99,52,56,97,57,52,101,57,100,49,102,55,53,54,49,54,54,53,55,48,54,49,57,50,48,48,102,53,99,49,54,100,102,55,52,102,54,49,51,100,101,98,51,49,57,99,50,98,100,98,54,97,52,53,56,101,56,56,48,48,50,98,100,51,99,51,98,55,98,55,53,57,50,97,51,98,51,51,51,99,99,53,99,98,56,57,97,53,100,100,57","['Google Analytics Reports', 'Digital Product', 'Marketing Plan', 'Product Management', 'Wine Appreciation and Oenology']",22-07-1976,MKT1189@EY.com,12100
MKT1190,4,Male,2,Single,15,0,3,0,0,Marketing,UG,Walk-in,1,1,1,24076,0,169,63,Sean Briggs,"98,50,51,97,55,49,101,49,97,97,102,97,100,98,97,100,97,55,50,48,53,98,55,57,101,98,49,98,53,55,55,51,99,50,50,51,48,51,51,54,98,97,49,51,48,100,101,52,55,51,53,97,48,100,48,49,50,53,53,50,101,49,102,101,52,54,51,98,53,102,55,56,55,52,49,99,48,97,101,54,98,102,101,49,51,54,98,100,51,51,53,98,49,50,56,55,99,102,102,102,57,99,52,56,97,57,52,101,57,100,49,102,55,53,54,49,54,54,53,55,48,54,49,57,50,48,48,102,53,99,49,54,100,102,55,52,102,54,49,51,100,101,98,51,49,57,99,50,98,100,98,54,97,52,53,56,101,56,56,48,48,50,98,100,51,99,51,98,55,98,55,53,57,50,97,51,98,51,51,51,99,99,53,99,98,56,57,97,53,100,100,57","['Beekeeping', 'Novel Writing', '3D Animation', 'Final Cut Pro', 'Unreal Engine Blueprints']",14-03-1972,MKT1190@EY.com,12000
MKT1262,1,Female,2,Married,16,0,3,25,8,Marketing,PG,Walk-in,4,2,0,65715,1,157,64,Luke Ryan,"98,50,51,97,55,49,101,49,97,97,102,97,100,98,97,100,97,55,50,48,53,98,55,57,101,98,49,98,53,55,55,51,99,50,50,51,48,51,51,54,98,97,49,51,48,100,101,52,55,51,53,97,48,100,48,49,50,53,53,50,101,49,102,101,52,54,51,98,53,102,55,56,55,52,49,99,48,97,101,54,98,102,101,49,51,54,98,100,51,51,53,98,49,50,56,55,99,102,102,102,57,99,52,56,97,57,52,101,57,100,49,102,55,53,54,49,54,54,53,55,48,54,49,57,50,48,48,102,53,99,49,54,100,102,55,52,102,54,49,51,100,101,98,51,49,57,99,50,98,100,98,54,97,52,53,56,101,56,56,48,48,50,98,100,51,99,51,98,55,98,55,53,57,50,97,51,98,51,51,51,99,99,53,99,98,56,57,97,53,100,100,57","['Research Paper Writing', 'Six Sigma White Belt', 'UiPath', 'Programmatic Advertising', 'Business Fundamentals']",20-10-1991,MKT1262@EY.com,11800
MKT1512,1,Female,2,Married,16,0,3,25,8,Marketing,UG,Referral,4,2,0,65715,0,152,72,John Jensen,"98,50,51,97,55,49,101,49,97,97,102,97,100,98,97,100,97,55,50,48,53,98,55,57,101,98,49,98,53,55,55,51,99,50,50,51,48,51,51,54,98,97,49,51,48,100,101,52,55,51,53,97,48,100,48,49,50,53,53,50,101,49,102,101,52,54,51,98,53,102,55,56,55,52,49,99,48,97,101,54,98,102,101,49,51,54,98,100,51,51,53,98,49,50,56,55,99,102,102,102,57,99,52,56,97,57,52,101,57,100,49,102,55,53,54,49,54,54,53,55,48,54,49,57,50,48,48,102,53,99,49,54,100,102,55,52,102,54,49,51,100,101,98,51,49,57,99,50,98,100,98,54,97,52,53,56,101,56,56,48,48,50,98,100,51,99,51,98,55,98,55,53,57,50,97,51,98,51,51,51,99,99,53,99,98,56,57,97,53,100,100,57","['Piano Chords', 'Twitter Marketing', 'Bass Guitar', 'Flute', 'Piano Chords']",26-11-1971,MKT1512@EY.com,11600
MKT1728,2,Female,3,Single,11,0,1,6,4,Marketing,UG,Referral,2,4,1,29805,0,167,84,Leo Carroll,"98,50,51,97,55,49,101,49,97,97,102,97,100,98,97,100,97,55,50,48,53,98,55,57,101,98,49,98,53,55,55,51,99,50,50,51,48,51,51,54,98,97,49,51,48,100,101,52,55,51,53,97,48,100,48,49,50,53,53,50,101,49,102,101,52,54,51,98,53,102,55,56,55,52,49,99,48,97,101,54,98,102,101,49,51,54,98,100,51,51,53,98,49,50,56,55,99,102,102,102,57,99,52,56,97,57,52,101,57,100,49,102,55,53,54,49,54,54,53,55,48,54,49,57,50,48,48,102,53,99,49,54,100,102,55,52,102,54,49,51,100,101,98,51,49,57,99,50,98,100,98,54,97,52,53,56,101,56,56,48,48,50,98,100,51,99,51,98,55,98,55,53,57,50,97,51,98,51,51,51,99,99,53,99,98,56,57,97,53,100,100,57","['Beekeeping', 'Venture Capital', 'ClickFunnels', 'Business Idea Generation', 'Herbalism']",16-08-1979,MKT1728@EY.com,11000
MKT1830,3,Female,3,Divorced,11,1,2,14,13,Marketing,PG,Recruitment Agency,5,1,0,86750,0,150,65,Leo Carroll,"98,50,51,97,55,49,101,49,97,97,102,97,100,98,97,100,97,55,50,48,53,98,55,57,101,98,49,98,53,55,55,51,99,50,50,51,48,51,51,54,98,97,49,51,48,100,101,52,55,51,53,97,48,100,48,49,50,53,53,50,101,49,102,101,52,54,51,98,53,102,55,56,55,52,49,99,48,97,101,54,98,102,101,49,51,54,98,100,51,51,53,98,49,50,56,55,99,102,102,102,57,99,52,56,97,57,52,101,57,100,49,102,55,53,54,49,54,54,53,55,48,54,49,57,50,48,48,102,53,99,49,54,100,102,55,52,102,54,49,51,100,101,98,51,49,57,99,50,98,100,98,54,97,52,53,56,101,56,56,48,48,50,98,100,51,99,51,98,55,98,55,53,57,50,97,51,98,51,51,51,99,99,53,99,98,56,57,97,53,100,100,57","['IFRS', 'Tally.ERP', 'Compliance (IT)', 'Home Business', 'Affiliate Marketing']",06-05-1991,MKT1830@EY.com,13100
MKT1853,3,Female,3,Divorced,11,1,2,14,13,Marketing,UG,Walk-in,5,5,1,86750,0,169,87,Michael Sinclair,"98,50,51,97,55,49,101,49,97,97,102,97,100,98,97,100,97,55,50,48,53,98,55,57,101,98,49,98,53,55,55,51,99,50,50,51,48,51,51,54,98,97,49,51,48,100,101,52,55,51,53,97,48,100,48,49,50,53,53,50,101,49,102,101,52,54,51,98,53,102,55,56,55,52,49,99,48,97,101,54,98,102,101,49,51,54,98,100,51,51,53,98,49,50,56,55,99,102,102,102,57,99,52,56,97,57,52,101,57,100,49,102,55,53,54,49,54,54,53,55,48,54,49,57,50,48,48,102,53,99,49,54,100,102,55,52,102,54,49,51,100,101,98,51,49,57,99,50,98,100,98,54,97,52,53,56,101,56,56,48,48,50,98,100,51,99,51,98,55,98,55,53,57,50,97,51,98,51,51,51,99,99,53,99,98,56,57,97,53,100,100,57","['PRINCE2', 'CAPM', 'CIPS Level 4 Diploma in Procurement and Supply', 'PgMP', 'Design Thinking']",03-02-1994,MKT1853@EY.com,14800
MKT1995,3,Female,3,Divorced,11,1,2,14,13,Marketing,PG,Recruitment Agency,5,4,1,86750,1,175,87,David Sinclair,"98,50,51,97,55,49,101,49,97,97,102,97,100,98,97,100,97,55,50,48,53,98,55,57,101,98,49,98,53,55,55,51,99,50,50,51,48,51,51,54,98,97,49,51,48,100,101,52,55,51,53,97,48,100,48,49,50,53,53,50,101,49,102,101,52,54,51,98,53,102,55,56,55,52,49,99,48,97,101,54,98,102,101,49,51,54,98,100,51,51,53,98,49,50,56,55,99,102,102,102,57,99,52,56,97,57,52,101,57,100,49,102,55,53,54,49,54,54,53,55,48,54,49,57,50,48,48,102,53,99,49,54,100,102,55,52,102,54,49,51,100,101,98,51,49,57,99,50,98,100,98,54,97,52,53,56,101,56,56,48,48,50,98,100,51,99,51,98,55,98,55,53,57,50,97,51,98,51,51,51,99,99,53,99,98,56,57,97,53,100,100,57","['Learning a Foreign Language', 'Arabic Language', 'English Conversation', 'English Vocabulary', 'Business English']",19-03-1984,MKT1995@EY.com,10400
MKT2028,4,Male,2,Single,15,0,3,0,0,Marketing,PG,Referral,1,1,0,24076,0,177,41,Gerard Farmer,"98,50,51,97,55,49,101,49,97,97,102,97,100,98,97,100,97,55,50,48,53,98,55,57,101,98,49,98,53,55,55,51,99,50,50,51,48,51,51,54,98,97,49,51,48,100,101,52,55,51,53,97,48,100,48,49,50,53,53,50,101,49,102,101,52,54,51,98,53,102,55,56,55,52,49,99,48,97,101,54,98,102,101,49,51,54,98,100,51,51,53,98,49,50,56,55,99,102,102,102,57,99,52,56,97,57,52,101,57,100,49,102,55,53,54,49,54,54,53,55,48,54,49,57,50,48,48,102,53,99,49,54,100,102,55,52,102,54,49,51,100,101,98,51,49,57,99,50,98,100,98,54,97,52,53,56,101,56,56,48,48,50,98,100,51,99,51,98,55,98,55,53,57,50,97,51,98,51,51,51,99,99,53,99,98,56,57,97,53,100,100,57","['Energy', 'Rock Guitar', 'Fraud Analytics', 'Investment Banking', 'Oracle Data Guard']",07-07-1972,MKT2028@EY.com,12700
MKT2066,4,Male,2,Single,15,0,3,0,0,Marketing,UG,Walk-in,1,1,1,24076,0,160,49,Sean Briggs,"98,50,51,97,55,49,101,49,97,97,102,97,100,98,97,100,97,55,50,48,53,98,55,57,101,98,49,98,53,55,55,51,99,50,50,51,48,51,51,54,98,97,49,51,48,100,101,52,55,51,53,97,48,100,48,49,50,53,53,50,101,49,102,101,52,54,51,98,53,102,55,56,55,52,49,99,48,97,101,54,98,102,101,49,51,54,98,100,51,51,53,98,49,50,56,55,99,102,102,102,57,99,52,56,97,57,52,101,57,100,49,102,55,53,54,49,54,54,53,55,48,54,49,57,50,48,48,102,53,99,49,54,100,102,55,52,102,54,49,51,100,101,98,51,49,57,99,50,98,100,98,54,97,52,53,56,101,56,56,48,48,50,98,100,51,99,51,98,55,98,55,53,57,50,97,51,98,51,51,51,99,99,53,99,98,56,57,97,53,100,100,57","['Company Valuation', 'Videography', 'Microsoft Office 365', 'Slack', 'Mental Math']",08-03-1974,MKT2066@EY.com,12100
SAL1064,1,Female,2,Married,16,0,3,25,8,Sales,UG,Recruitment Agency,4,1,0,65715,1,174,78,Frank Morgan,"98,50,51,97,55,49,101,49,97,97,102,97,100,98,97,100,97,55,50,48,53,98,55,57,101,98,49,98,53,55,55,51,99,50,50,51,48,51,51,54,98,97,49,51,48,100,101,52,55,51,53,97,48,100,48,49,50,53,53,50,101,49,102,101,52,54,51,98,53,102,55,56,55,52,49,99,48,97,101,54,98,102,101,49,51,54,98,100,51,51,53,98,49,50,56,55,99,102,102,102,57,99,52,56,97,57,52,101,57,100,49,102,55,53,54,49,54,54,53,55,48,54,49,57,50,48,48,102,53,99,49,54,100,102,55,52,102,54,49,51,100,101,98,51,49,57,99,50,98,100,98,54,97,52,53,56,101,56,56,48,48,50,98,100,51,99,51,98,55,98,55,53,57,50,97,51,98,51,51,51,99,99,53,99,98,56,57,97,53,100,100,57","['Web Development', 'Travel Photography', 'Video Editing', 'Drone', 'Aerial Videography']",06-06-1968,SAL1064@EY.com,14500
SAL1225,4,Male,2,Single,21,0,3,9,7,Sales,PG,Walk-in,3,3,0,42419,1,178,92,Leo Seymour,"98,50,51,97,55,49,101,49,97,97,102,97,100,98,97,100,97,55,50,48,53,98,55,57,101,98,49,98,53,55,55,51,99,50,50,51,48,51,51,54,98,97,49,51,48,100,101,52,55,51,53,97,48,100,48,49,50,53,53,50,101,49,102,101,52,54,51,98,53,102,55,56,55,52,49,99,48,97,101,54,98,102,101,49,51,54,98,100,51,51,53,98,49,50,56,55,99,102,102,102,57,99,52,56,97,57,52,101,57,100,49,102,55,53,54,49,54,54,53,55,48,54,49,57,50,48,48,102,53,99,49,54,100,102,55,52,102,54,49,51,100,101,98,51,49,57,99,50,98,100,98,54,97,52,53,56,101,56,56,48,48,50,98,100,51,99,51,98,55,98,55,53,57,50,97,51,98,51,51,51,99,99,53,99,98,56,57,97,53,100,100,57","['Computer Vision', 'Strategic Planning', 'Google Cloud Digital Leader', 'Amazon AWS', 'Google Cloud Certification']",21-08-1984,SAL1225@EY.com,14400
SAL1417,2,Female,3,Single,11,0,1,6,4,Sales,PG,Walk-in,2,5,1,29805,0,179,63,Michael Hale,"98,50,51,97,55,49,101,49,97,97,102,97,100,98,97,100,97,55,50,48,53,98,55,57,101,98,49,98,53,55,55,51,99,50,50,51,48,51,51,54,98,97,49,51,48,100,101,52,55,51,53,97,48,100,48,49,50,53,53,50,101,49,102,101,52,54,51,98,53,102,55,56,55,52,49,99,48,97,101,54,98,102,101,49,51,54,98,100,51,51,53,98,49,50,56,55,99,102,102,102,57,99,52,56,97,57,52,101,57,100,49,102,55,53,54,49,54,54,53,55,48,54,49,57,50,48,48,102,53,99,49,54,100,102,55,52,102,54,49,51,100,101,98,51,49,57,99,50,98,100,98,54,97,52,53,56,101,56,56,48,48,50,98,100,51,99,51,98,55,98,55,53,57,50,97,51,98,51,51,51,99,99,53,99,98,56,57,97,53,100,100,57","['Bayesian Statistics', 'Cyber Security Awareness', 'Writing', 'Retail Business', 'Medical Device Development']",17-01-1995,SAL1417@EY.com,12500
SAL1537,4,Male,2,Single,15,0,3,0,0,Sales,PG,On-Campus,1,5,1,24076,1,153,51,Kobe Walters,"98,50,51,97,55,49,101,49,97,97,102,97,100,98,97,100,97,55,50,48,53,98,55,57,101,98,49,98,53,55,55,51,99,50,50,51,48,51,51,54,98,97,49,51,48,100,101,52,55,51,53,97,48,100,48,49,50,53,53,50,101,49,102,101,52,54,51,98,53,102,55,56,55,52,49,99,48,97,101,54,98,102,101,49,51,54,98,100,51,51,53,98,49,50,56,55,99,102,102,102,57,99,52,56,97,57,52,101,57,100,49,102,55,53,54,49,54,54,53,55,48,54,49,57,50,48,48,102,53,99,49,54,100,102,55,52,102,54,49,51,100,101,98,51,49,57,99,50,98,100,98,54,97,52,53,56,101,56,56,48,48,50,98,100,51,99,51,98,55,98,55,53,57,50,97,51,98,51,51,51,99,99,53,99,98,56,57,97,53,100,100,57","['Audio Production', 'SAP Master Data Governance (MDG)', 'Data Security', 'Mentoring', 'Insurance']",21-04-1969,SAL1537@EY.com,16100
SAL1559,4,Male,2,Single,21,0,3,9,7,Sales,UG,Recruitment Agency,3,2,0,42419,0,168,70,Gerard Ryan,"98,50,51,97,55,49,101,49,97,97,102,97,100,98,97,100,97,55,50,48,53,98,55,57,101,98,49,98,53,55,55,51,99,50,50,51,48,51,51,54,98,97,49,51,48,100,101,52,55,51,53,97,48,100,48,49,50,53,53,50,101,49,102,101,52,54,51,98,53,102,55,56,55,52,49,99,48,97,101,54,98,102,101,49,51,54,98,100,51,51,53,98,49,50,56,55,99,102,102,102,57,99,52,56,97,57,52,101,57,100,49,102,55,53,54,49,54,54,53,55,48,54,49,57,50,48,48,102,53,99,49,54,100,102,55,52,102,54,49,51,100,101,98,51,49,57,99,50,98,100,98,54,97,52,53,56,101,56,56,48,48,50,98,100,51,99,51,98,55,98,55,53,57,50,97,51,98,51,51,51,99,99,53,99,98,56,57,97,53,100,100,57","['Adobe Captivate', 'Management Coaching', 'Classical Guitar', 'Apple Keynote', 'Crowdfunding']",03-06-1997,SAL1559@EY.com,10900
SAL1574,4,Male,2,Single,15,0,3,0,0,Sales,PG,Referral,1,4,0,24076,1,173,51,Luke Morales,"98,50,51,97,55,49,101,49,97,97,102,97,100,98,97,100,97,55,50,48,53,98,55,57,101,98,49,98,53,55,55,51,99,50,50,51,48,51,51,54,98,97,49,51,48,100,101,52,55,51,53,97,48,100,48,49,50,53,53,50,101,49,102,101,52,54,51,98,53,102,55,56,55,52,49,99,48,97,101,54,98,102,101,49,51,54,98,100,51,51,53,98,49,50,56,55,99,102,102,102,57,99,52,56,97,57,52,101,57,100,49,102,55,53,54,49,54,54,53,55,48,54,49,57,50,48,48,102,53,99,49,54,100,102,55,52,102,54,49,51,100,101,98,51,49,57,99,50,98,100,98,54,97,52,53,56,101,56,56,48,48,50,98,100,51,99,51,98,55,98,55,53,57,50,97,51,98,51,51,51,99,99,53,99,98,56,57,97,53,100,100,57","['Diversity and Inclusion', 'Neuromarketing', 'Oracle 1Z0-148', 'Microsoft AZ-303', 'Asana (software)']",30-06-1994,SAL1574@EY.com,12700
SAL1580,4,Male,2,Single,21,0,3,9,7,Sales,PG,On-Campus,3,2,0,42419,1,161,43,Frank Walters,"98,50,51,97,55,49,101,49,97,97,102,97,100,98,97,100,97,55,50,48,53,98,55,57,101,98,49,98,53,55,55,51,99,50,50,51,48,51,51,54,98,97,49,51,48,100,101,52,55,51,53,97,48,100,48,49,50,53,53,50,101,49,102,101,52,54,51,98,53,102,55,56,55,52,49,99,48,97,101,54,98,102,101,49,51,54,98,100,51,51,53,98,49,50,56,55,99,102,102,102,57,99,52,56,97,57,52,101,57,100,49,102,55,53,54,49,54,54,53,55,48,54,49,57,50,48,48,102,53,99,49,54,100,102,55,52,102,54,49,51,100,101,98,51,49,57,99,50,98,100,98,54,97,52,53,56,101,56,56,48,48,50,98,100,51,99,51,98,55,98,55,53,57,50,97,51,98,51,51,51,99,99,53,99,98,56,57,97,53,100,100,57","['Neuroscience', 'Accent Reduction', 'NetApp', 'Social Media Management', 'Marketing Strategy']",03-02-1989,SAL1580@EY.com,11800
SAL1606,2,Female,3,Single,11,0,1,6,4,Sales,PG,Referral,2,4,0,29805,1,169,80,David Donnelly,"98,50,51,97,55,49,101,49,97,97,102,97,100,98,97,100,97,55,50,48,53,98,55,57,101,98,49,98,53,55,55,51,99,50,50,51,48,51,51,54,98,97,49,51,48,100,101,52,55,51,53,97,48,100,48,49,50,53,53,50,101,49,102,101,52,54,51,98,53,102,55,56,55,52,49,99,48,97,101,54,98,102,101,49,51,54,98,100,51,51,53,98,49,50,56,55,99,102,102,102,57,99,52,56,97,57,52,101,57,100,49,102,55,53,54,49,54,54,53,55,48,54,49,57,50,48,48,102,53,99,49,54,100,102,55,52,102,54,49,51,100,101,98,51,49,57,99,50,98,100,98,54,97,52,53,56,101,56,56,48,48,50,98,100,51,99,51,98,55,98,55,53,57,50,97,51,98,51,51,51,99,99,53,99,98,56,57,97,53,100,100,57","['Childhood Trauma Healing', 'CAD Software', 'Google my Business', 'Chess', 'Dialectical Behavior Therapy (DBT)']",18-04-1980,SAL1606@EY.com,11800
SAL1659,2,Female,3,Single,11,0,1,6,4,Sales,PG,Recruitment Agency,2,3,0,29805,1,162,40,Kobe Taylor,"98,50,51,97,55,49,101,49,97,97,102,97,100,98,97,100,97,55,50,48,53,98,55,57,101,98,49,98,53,55,55,51,99,50,50,51,48,51,51,54,98,97,49,51,48,100,101,52,55,51,53,97,48,100,48,49,50,53,53,50,101,49,102,101,52,54,51,98,53,102,55,56,55,52,49,99,48,97,101,54,98,102,101,49,51,54,98,100,51,51,53,98,49,50,56,55,99,102,102,102,57,99,52,56,97,57,52,101,57,100,49,102,55,53,54,49,54,54,53,55,48,54,49,57,50,48,48,102,53,99,49,54,100,102,55,52,102,54,49,51,100,101,98,51,49,57,99,50,98,100,98,54,97,52,53,56,101,56,56,48,48,50,98,100,51,99,51,98,55,98,55,53,57,50,97,51,98,51,51,51,99,99,53,99,98,56,57,97,53,100,100,57","['Chatbot', 'Automotive Engineering', 'Gluten Free Cooking and Baking', 'Data Structures', 'Civil Engineering']",12-11-1990,SAL1659@EY.com,12000
SAL1698,1,Female,2,Married,16,0,3,25,8,Sales,UG,Walk-in,4,4,1,65715,1,151,51,Michael Donnelly,"98,50,51,97,55,49,101,49,97,97,102,97,100,98,97,100,97,55,50,48,53,98,55,57,101,98,49,98,53,55,55,51,99,50,50,51,48,51,51,54,98,97,49,51,48,100,101,52,55,51,53,97,48,100,48,49,50,53,53,50,101,49,102,101,52,54,51,98,53,102,55,56,55,52,49,99,48,97,101,54,98,102,101,49,51,54,98,100,51,51,53,98,49,50,56,55,99,102,102,102,57,99,52,56,97,57,52,101,57,100,49,102,55,53,54,49,54,54,53,55,48,54,49,57,50,48,48,102,53,99,49,54,100,102,55,52,102,54,49,51,100,101,98,51,49,57,99,50,98,100,98,54,97,52,53,56,101,56,56,48,48,50,98,100,51,99,51,98,55,98,55,53,57,50,97,51,98,51,51,51,99,99,53,99,98,56,57,97,53,100,100,57","['Anime', 'Keyboard Instrument', 'Illustration', 'After Effects', 'Photoshop']",03-11-1991,SAL1698@EY.com,9300
PUR1154,2,Female,3,Single,11,0,1,6,4,Purchasing,PG,Referral,2,5,0,29805,0,166,67,Frank Barnett,"98,50,51,97,55,49,101,49,97,97,102,97,100,98,97,100,97,55,50,48,53,98,55,57,101,98,49,98,53,55,55,51,99,50,50,51,48,51,51,54,98,97,49,51,48,100,101,52,55,51,53,97,48,100,48,49,50,53,53,50,101,49,102,101,52,54,51,98,53,102,55,56,55,52,49,99,48,97,101,54,98,102,101,49,51,54,98,100,51,51,53,98,49,50,56,55,99,102,102,102,57,99,52,56,97,57,52,101,57,100,49,102,55,53,54,49,54,54,53,55,48,54,49,57,50,48,48,102,53,99,49,54,100,102,55,52,102,54,49,51,100,101,98,51,49,57,99,50,98,100,98,54,97,52,53,56,101,56,56,48,48,50,98,100,51,99,51,98,55,98,55,53,57,50,97,51,98,51,51,51,99,99,53,99,98,56,57,97,53,100,100,57","['Amazon Sagemaker', 'Video Lighting', 'Apple Products Basics', 'Master Your Emotions', 'Video Creation']",15-03-1978,PUR1154@EY.com,12200
PUR1161,3,Female,3,Divorced,11,1,2,14,13,Purchasing,UG,On-Campus,5,5,1,86750,1,167,75,David Walters,"98,50,51,97,55,49,101,49,97,97,102,97,100,98,97,100,97,55,50,48,53,98,55,57,101,98,49,98,53,55,55,51,99,50,50,51,48,51,51,54,98,97,49,51,48,100,101,52,55,51,53,97,48,100,48,49,50,53,53,50,101,49,102,101,52,54,51,98,53,102,55,56,55,52,49,99,48,97,101,54,98,102,101,49,51,54,98,100,51,51,53,98,49,50,56,55,99,102,102,102,57,99,52,56,97,57,52,101,57,100,49,102,55,53,54,49,54,54,53,55,48,54,49,57,50,48,48,102,53,99,49,54,100,102,55,52,102,54,49,51,100,101,98,51,49,57,99,50,98,100,98,54,97,52,53,56,101,56,56,48,48,50,98,100,51,99,51,98,55,98,55,53,57,50,97,51,98,51,51,51,99,99,53,99,98,56,57,97,53,100,100,57","['Dog Walking', 'Horsemanship', 'Animal Nutrition', 'Herbalism', 'Dog Walking']",15-07-1996,PUR1161@EY.com,10000
PUR1301,3,Female,3,Divorced,11,1,2,14,13,Purchasing,UG,Referral,5,5,1,86750,1,151,90,Sean Briggs,"98,50,51,97,55,49,101,49,97,97,102,97,100,98,97,100,97,55,50,48,53,98,55,57,101,98,49,98,53,55,55,51,99,50,50,51,48,51,51,54,98,97,49,51,48,100,101,52,55,51,53,97,48,100,48,49,50,53,53,50,101,49,102,101,52,54,51,98,53,102,55,56,55,52,49,99,48,97,101,54,98,102,101,49,51,54,98,100,51,51,53,98,49,50,56,55,99,102,102,102,57,99,52,56,97,57,52,101,57,100,49,102,55,53,54,49,54,54,53,55,48,54,49,57,50,48,48,102,53,99,49,54,100,102,55,52,102,54,49,51,100,101,98,51,49,57,99,50,98,100,98,54,97,52,53,56,101,56,56,48,48,50,98,100,51,99,51,98,55,98,55,53,57,50,97,51,98,51,51,51,99,99,53,99,98,56,57,97,53,100,100,57","['English Conversation', 'Business English', 'Data Protection', 'Patent', 'Learning Strategies']",11-04-1991,PUR1301@EY.com,10100
PUR1412,2,Female,3,Single,11,0,1,6,4,Purchasing,PG,Recruitment Agency,2,5,0,29805,0,165,81,David Foden,"98,50,51,97,55,49,101,49,97,97,102,97,100,98,97,100,97,55,50,48,53,98,55,57,101,98,49,98,53,55,55,51,99,50,50,51,48,51,51,54,98,97,49,51,48,100,101,52,55,51,53,97,48,100,48,49,50,53,53,50,101,49,102,101,52,54,51,98,53,102,55,56,55,52,49,99,48,97,101,54,98,102,101,49,51,54,98,100,51,51,53,98,49,50,56,55,99,102,102,102,57,99,52,56,97,57,52,101,57,100,49,102,55,53,54,49,54,54,53,55,48,54,49,57,50,48,48,102,53,99,49,54,100,102,55,52,102,54,49,51,100,101,98,51,49,57,99,50,98,100,98,54,97,52,53,56,101,56,56,48,48,50,98,100,51,99,51,98,55,98,55,53,57,50,97,51,98,51,51,51,99,99,53,99,98,56,57,97,53,100,100,57","['Learning a Foreign Language', 'Keyword Research', 'Decluttering', 'Electrical Engineering', 'Google my Business']",18-04-1981,PUR1412@EY.com,10300
PUR1466,3,Female,3,Divorced,11,1,2,14,13,Purchasing,UG,Referral,5,5,0,86750,0,161,76,Shaun Taylor,"98,50,51,97,55,49,101,49,97,97,102,97,100,98,97,100,97,55,50,48,53,98,55,57,101,98,49,98,53,55,55,51,99,50,50,51,48,51,51,54,98,97,49,51,48,100,101,52,55,51,53,97,48,100,48,49,50,53,53,50,101,49,102,101,52,54,51,98,53,102,55,56,55,52,49,99,48,97,101,54,98,102,101,49,51,54,98,100,51,51,53,98,49,50,56,55,99,102,102,102,57,99,52,56,97,57,52,101,57,100,49,102,55,53,54,49,54,54,53,55,48,54,49,57,50,48,48,102,53,99,49,54,100,102,55,52,102,54,49,51,100,101,98,51,49,57,99,50,98,100,98,54,97,52,53,56,101,56,56,48,48,50,98,100,51,99,51,98,55,98,55,53,57,50,97,51,98,51,51,51,99,99,53,99,98,56,57,97,53,100,100,57","['Relaxation', 'Resilience', 'Energy Healing', 'Manifestation and Law of Attraction', 'Personal Success']",24-11-1994,PUR1466@EY.com,9600
PUR1569,2,Female,3,Single,11,0,1,6,4,Purchasing,UG,Referral,2,5,0,29805,1,168,62,Shaun Bush,"98,50,51,97,55,49,101,49,97,97,102,97,100,98,97,100,97,55,50,48,53,98,55,57,101,98,49,98,53,55,55,51,99,50,50,51,48,51,51,54,98,97,49,51,48,100,101,52,55,51,53,97,48,100,48,49,50,53,53,50,101,49,102,101,52,54,51,98,53,102,55,56,55,52,49,99,48,97,101,54,98,102,101,49,51,54,98,100,51,51,53,98,49,50,56,55,99,102,102,102,57,99,52,56,97,57,52,101,57,100,49,102,55,53,54,49,54,54,53,55,48,54,49,57,50,48,48,102,53,99,49,54,100,102,55,52,102,54,49,51,100,101,98,51,49,57,99,50,98,100,98,54,97,52,53,56,101,56,56,48,48,50,98,100,51,99,51,98,55,98,55,53,57,50,97,51,98,51,51,51,99,99,53,99,98,56,57,97,53,100,100,57","['Medical Device Development', 'Construction', 'Notion Workspace', 'Microsoft Word', 'Study Skills']",28-05-1977,PUR1569@EY.com,10800
PUR1698,3,Female,3,Divorced,11,1,2,14,13,Purchasing,UG,Recruitment Agency,5,3,0,86750,0,154,63,Leo Adams,"98,50,51,97,55,49,101,49,97,97,102,97,100,98,97,100,97,55,50,48,53,98,55,57,101,98,49,98,53,55,55,51,99,50,50,51,48,51,51,54,98,97,49,51,48,100,101,52,55,51,53,97,48,100,48,49,50,53,53,50,101,49,102,101,52,54,51,98,53,102,55,56,55,52,49,99,48,97,101,54,98,102,101,49,51,54,98,100,51,51,53,98,49,50,56,55,99,102,102,102,57,99,52,56,97,57,52,101,57,100,49,102,55,53,54,49,54,54,53,55,48,54,49,57,50,48,48,102,53,99,49,54,100,102,55,52,102,54,49,51,100,101,98,51,49,57,99,50,98,100,98,54,97,52,53,56,101,56,56,48,48,50,98,100,51,99,51,98,55,98,55,53,57,50,97,51,98,51,51,51,99,99,53,99,98,56,57,97,53,100,100,57","['Consciousness', 'Resilience', 'ADHD', 'Mindfulness', 'Electronics']",20-08-1982,PUR1698@EY.com,12900
PUR1717,2,Female,3,Single,11,0,1,6,4,Purchasing,PG,Referral,2,1,0,29805,0,173,91,John Carroll,"98,50,51,97,55,49,101,49,97,97,102,97,100,98,97,100,97,55,50,48,53,98,55,57,101,98,49,98,53,55,55,51,99,50,50,51,48,51,51,54,98,97,49,51,48,100,101,52,55,51,53,97,48,100,48,49,50,53,53,50,101,49,102,101,52,54,51,98,53,102,55,56,55,52,49,99,48,97,101,54,98,102,101,49,51,54,98,100,51,51,53,98,49,50,56,55,99,102,102,102,57,99,52,56,97,57,52,101,57,100,49,102,55,53,54,49,54,54,53,55,48,54,49,57,50,48,48,102,53,99,49,54,100,102,55,52,102,54,49,51,100,101,98,51,49,57,99,50,98,100,98,54,97,52,53,56,101,56,56,48,48,50,98,100,51,99,51,98,55,98,55,53,57,50,97,51,98,51,51,51,99,99,53,99,98,56,57,97,53,100,100,57","['Voice Training', 'AWS CloudFormation', 'Journalism', 'FPGA', 'SEO']",21-03-1981,PUR1717@EY.com,13200
PUR1825,1,Female,2,Married,16,0,3,25,8,Purchasing,PG,Recruitment Agency,4,3,1,65715,1,156,67,Sean Farmer,"98,50,51,97,55,49,101,49,97,97,102,97,100,98,97,100,97,55,50,48,53,98,55,57,101,98,49,98,53,55,55,51,99,50,50,51,48,51,51,54,98,97,49,51,48,100,101,52,55,51,53,97,48,100,48,49,50,53,53,50,101,49,102,101,52,54,51,98,53,102,55,56,55,52,49,99,48,97,101,54,98,102,101,49,51,54,98,100,51,51,53,98,49,50,56,55,99,102,102,102,57,99,52,56,97,57,52,101,57,100,49,102,55,53,54,49,54,54,53,55,48,54,49,57,50,48,48,102,53,99,49,54,100,102,55,52,102,54,49,51,100,101,98,51,49,57,99,50,98,100,98,54,97,52,53,56,101,56,56,48,48,50,98,100,51,99,51,98,55,98,55,53,57,50,97,51,98,51,51,51,99,99,53,99,98,56,57,97,53,100,100,57","['Spiritual Healing', 'Mockito', 'Cypress.io', 'API Testing', 'Automation Testing']",21-07-1967,PUR1825@EY.com,12900
PUR2016,1,Female,2,Married,16,0,3,25,8,Purchasing,UG,Referral,4,4,1,65715,1,160,95,Gerard Walters,"98,50,51,97,55,49,101,49,97,97,102,97,100,98,97,100,97,55,50,48,53,98,55,57,101,98,49,98,53,55,55,51,99,50,50,51,48,51,51,54,98,97,49,51,48,100,101,52,55,51,53,97,48,100,48,49,50,53,53,50,101,49,102,101,52,54,51,98,53,102,55,56,55,52,49,99,48,97,101,54,98,102,101,49,51,54,98,100,51,51,53,98,49,50,56,55,99,102,102,102,57,99,52,56,97,57,52,101,57,100,49,102,55,53,54,49,54,54,53,55,48,54,49,57,50,48,48,102,53,99,49,54,100,102,55,52,102,54,49,51,100,101,98,51,49,57,99,50,98,100,98,54,97,52,53,56,101,56,56,48,48,50,98,100,51,99,51,98,55,98,55,53,57,50,97,51,98,51,51,51,99,99,53,99,98,56,57,97,53,100,100,57","['E-Commerce', 'CCNP Enterprise', 'Google Analytics Individual Qualification (IQ)', 'Podcasting', 'Podcasting']",05-12-1971,PUR2016@EY.com,12800
TECH1202,4,Male,2,Single,15,0,3,0,0,Technology,PG,Recruitment Agency,1,5,0,24076,1,162,50,Michael Jensen,"98,50,51,97,55,49,101,49,97,97,102,97,100,98,97,100,97,55,50,48,53,98,55,57,101,98,49,98,53,55,55,51,99,50,50,51,48,51,51,54,98,97,49,51,48,100,101,52,55,51,53,97,48,100,48,49,50,53,53,50,101,49,102,101,52,54,51,98,53,102,55,56,55,52,49,99,48,97,101,54,98,102,101,49,51,54,98,100,51,51,53,98,49,50,56,55,99,102,102,102,57,99,52,56,97,57,52,101,57,100,49,102,55,53,54,49,54,54,53,55,48,54,49,57,50,48,48,102,53,99,49,54,100,102,55,52,102,54,49,51,100,101,98,51,49,57,99,50,98,100,98,54,97,52,53,56,101,56,56,48,48,50,98,100,51,99,51,98,55,98,55,53,57,50,97,51,98,51,51,51,99,99,53,99,98,56,57,97,53,100,100,57","['Kickstarter', 'Google Flutter', 'JMeter', 'Counseling', 'Computer Repair']",01-08-1980,TECH1202@EY.com,13300
TECH1206,3,Female,3,Divorced,11,1,2,14,13,Technology,PG,On-Campus,5,1,1,86750,0,151,91,John Farmer,"98,50,51,97,55,49,101,49,97,97,102,97,100,98,97,100,97,55,50,48,53,98,55,57,101,98,49,98,53,55,55,51,99,50,50,51,48,51,51,54,98,97,49,51,48,100,101,52,55,51,53,97,48,100,48,49,50,53,53,50,101,49,102,101,52,54,51,98,53,102,55,56,55,52,49,99,48,97,101,54,98,102,101,49,51,54,98,100,51,51,53,98,49,50,56,55,99,102,102,102,57,99,52,56,97,57,52,101,57,100,49,102,55,53,54,49,54,54,53,55,48,54,49,57,50,48,48,102,53,99,49,54,100,102,55,52,102,54,49,51,100,101,98,51,49,57,99,50,98,100,98,54,97,52,53,56,101,56,56,48,48,50,98,100,51,99,51,98,55,98,55,53,57,50,97,51,98,51,51,51,99,99,53,99,98,56,57,97,53,100,100,57","['Viral Marketing', 'Marketing Strategy', 'Growth Hacking', 'Research Methods', 'Photography']",15-03-1994,TECH1206@EY.com,13600
TECH1391,4,Male,2,Single,15,0,3,0,0,Technology,UG,Walk-in,1,4,0,24076,1,175,50,Sean Barnett,"98,50,51,97,55,49,101,49,97,97,102,97,100,98,97,100,97,55,50,48,53,98,55,57,101,98,49,98,53,55,55,51,99,50,50,51,48,51,51,54,98,97,49,51,48,100,101,52,55,51,53,97,48,100,48,49,50,53,53,50,101,49,102,101,52,54,51,98,53,102,55,56,55,52,49,99,48,97,101,54,98,102,101,49,51,54,98,100,51,51,53,98,49,50,56,55,99,102,102,102,57,99,52,56,97,57,52,101,57,100,49,102,55,53,54,49,54,54,53,55,48,54,49,57,50,48,48,102,53,99,49,54,100,102,55,52,102,54,49,51,100,101,98,51,49,57,99,50,98,100,98,54,97,52,53,56,101,56,56,48,48,50,98,100,51,99,51,98,55,98,55,53,57,50,97,51,98,51,51,51,99,99,53,99,98,56,57,97,53,100,100,57","['SAP S/4HANA', 'System Administration', 'Kinesiology Taping', 'Tantra', 'Forensic Science']",13-02-1972,TECH1391@EY.com,13300
TECH1395,4,Male,2,Single,21,0,3,9,7,Technology,UG,Recruitment Agency,3,3,0,42419,0,179,86,Frank Walters,"98,50,51,97,55,49,101,49,97,97,102,97,100,98,97,100,97,55,50,48,53,98,55,57,101,98,49,98,53,55,55,51,99,50,50,51,48,51,51,54,98,97,49,51,48,100,101,52,55,51,53,97,48,100,48,49,50,53,53,50,101,49,102,101,52,54,51,98,53,102,55,56,55,52,49,99,48,97,101,54,98,102,101,49,51,54,98,100,51,51,53,98,49,50,56,55,99,102,102,102,57,99,52,56,97,57,52,101,57,100,49,102,55,53,54,49,54,54,53,55,48,54,49,57,50,48,48,102,53,99,49,54,100,102,55,52,102,54,49,51,100,101,98,51,49,57,99,50,98,100,98,54,97,52,53,56,101,56,56,48,48,50,98,100,51,99,51,98,55,98,55,53,57,50,97,51,98,51,51,51,99,99,53,99,98,56,57,97,53,100,100,57","['German Language', 'Stock Options', 'Financial Accounting', 'Learning a Foreign Language', 'Self-Acceptance']",11-08-1974,TECH1395@EY.com,12700
TECH1502,1,Female,2,Married,16,0,3,25,8,Technology,UG,Recruitment Agency,4,1,0,65715,0,176,72,David Bush,"98,50,51,97,55,49,101,49,97,97,102,97,100,98,97,100,97,55,50,48,53,98,55,57,101,98,49,98,53,55,55,51,99,50,50,51,48,51,51,54,98,97,49,51,48,100,101,52,55,51,53,97,48,100,48,49,50,53,53,50,101,49,102,101,52,54,51,98,53,102,55,56,55,52,49,99,48,97,101,54,98,102,101,49,51,54,98,100,51,51,53,98,49,50,56,55,99,102,102,102,57,99,52,56,97,57,52,101,57,100,49,102,55,53,54,49,54,54,53,55,48,54,49,57,50,48,48,102,53,99,49,54,100,102,55,52,102,54,49,51,100,101,98,51,49,57,99,50,98,100,98,54,97,52,53,56,101,56,56,48,48,50,98,100,51,99,51,98,55,98,55,53,57,50,97,51,98,51,51,51,99,99,53,99,98,56,57,97,53,100,100,57","['IT Recruiting', 'Passive Income', 'Financial Planning', 'Etsy', 'App Store Optimization']",14-03-1984,TECH1502@EY.com,10900
TECH1769,2,Female,3,Single,11,0,1,6,4,Technology,PG,Recruitment Agency,2,1,0,29805,1,170,52,Frank Reese,"98,50,51,97,55,49,101,49,97,97,102,97,100,98,97,100,97,55,50,48,53,98,55,57,101,98,49,98,53,55,55,51,99,50,50,51,48,51,51,54,98,97,49,51,48,100,101,52,55,51,53,97,48,100,48,49,50,53,53,50,101,49,102,101,52,54,51,98,53,102,55,56,55,52,49,99,48,97,101,54,98,102,101,49,51,54,98,100,51,51,53,98,49,50,56,55,99,102,102,102,57,99,52,56,97,57,52,101,57,100,49,102,55,53,54,49,54,54,53,55,48,54,49,57,50,48,48,102,53,99,49,54,100,102,55,52,102,54,49,51,100,101,98,51,49,57,99,50,98,100,98,54,97,52,53,56,101,56,56,48,48,50,98,100,51,99,51,98,55,98,55,53,57,50,97,51,98,51,51,51,99,99,53,99,98,56,57,97,53,100,100,57","['ECDL/ICDL', 'Python Scripting', 'English Literature', 'ROBLOX Game Development', 'Lua']",05-03-1978,TECH1769@EY.com,6600
TECH1851,2,Female,3,Single,11,0,1,6,4,Technology,PG,Walk-in,2,1,0,29805,1,175,99,Kobe Guerrero,"98,50,51,97,55,49,101,49,97,97,102,97,100,98,97,100,97,55,50,48,53,98,55,57,101,98,49,98,53,55,55,51,99,50,50,51,48,51,51,54,98,97,49,51,48,100,101,52,55,51,53,97,48,100,48,49,50,53,53,50,101,49,102,101,52,54,51,98,53,102,55,56,55,52,49,99,48,97,101,54,98,102,101,49,51,54,98,100,51,51,53,98,49,50,56,55,99,102,102,102,57,99,52,56,97,57,52,101,57,100,49,102,55,53,54,49,54,54,53,55,48,54,49,57,50,48,48,102,53,99,49,54,100,102,55,52,102,54,49,51,100,101,98,51,49,57,99,50,98,100,98,54,97,52,53,56,101,56,56,48,48,50,98,100,51,99,51,98,55,98,55,53,57,50,97,51,98,51,51,51,99,99,53,99,98,56,57,97,53,100,100,57","['House Buying', 'Customer Service', 'Visual Thinking', 'Database Design', 'Social Media Management']",07-04-1992,TECH1851@EY.com,11000
TECH1860,4,Male,2,Single,21,0,3,9,7,Technology,PG,Walk-in,3,5,1,42419,0,160,98,Shaun Norris,"98,50,51,97,55,49,101,49,97,97,102,97,100,98,97,100,97,55,50,48,53,98,55,57,101,98,49,98,53,55,55,51,99,50,50,51,48,51,51,54,98,97,49,51,48,100,101,52,55,51,53,97,48,100,48,49,50,53,53,50,101,49,102,101,52,54,51,98,53,102,55,56,55,52,49,99,48,97,101,54,98,102,101,49,51,54,98,100,51,51,53,98,49,50,56,55,99,102,102,102,57,99,52,56,97,57,52,101,57,100,49,102,55,53,54,49,54,54,53,55,48,54,49,57,50,48,48,102,53,99,49,54,100,102,55,52,102,54,49,51,100,101,98,51,49,57,99,50,98,100,98,54,97,52,53,56,101,56,56,48,48,50,98,100,51,99,51,98,55,98,55,53,57,50,97,51,98,51,51,51,99,99,53,99,98,56,57,97,53,100,100,57","['Microsoft AZ-204', 'Mind Mapping', 'Aviation', 'AWS Certified DevOps Engineer - Professional', 'Cisco CCNA']",25-10-1970,TECH1860@EY.com,12700
TECH1876,2,Female,3,Single,11,0,1,6,4,Technology,PG,Recruitment Agency,2,4,0,29805,1,151,64,Kobe Norris,"98,50,51,97,55,49,101,49,97,97,102,97,100,98,97,100,97,55,50,48,53,98,55,57,101,98,49,98,53,55,55,51,99,50,50,51,48,51,51,54,98,97,49,51,48,100,101,52,55,51,53,97,48,100,48,49,50,53,53,50,101,49,102,101,52,54,51,98,53,102,55,56,55,52,49,99,48,97,101,54,98,102,101,49,51,54,98,100,51,51,53,98,49,50,56,55,99,102,102,102,57,99,52,56,97,57,52,101,57,100,49,102,55,53,54,49,54,54,53,55,48,54,49,57,50,48,48,102,53,99,49,54,100,102,55,52,102,54,49,51,100,101,98,51,49,57,99,50,98,100,98,54,97,52,53,56,101,56,56,48,48,50,98,100,51,99,51,98,55,98,55,53,57,50,97,51,98,51,51,51,99,99,53,99,98,56,57,97,53,100,100,57","['Food Safety', 'Automation', 'Brain Training', 'Online Course Marketing', 'Marketing Strategy']",10-07-1976,TECH1876@EY.com,11500
TECH2021,2,Female,3,Single,11,0,1,6,4,Technology,PG,Recruitment Agency,2,1,0,29805,1,162,53,Shaun Reese,"98,50,51,97,55,49,101,49,97,97,102,97,100,98,97,100,97,55,50,48,53,98,55,57,101,98,49,98,53,55,55,51,99,50,50,51,48,51,51,54,98,97,49,51,48,100,101,52,55,51,53,97,48,100,48,49,50,53,53,50,101,49,102,101,52,54,51,98,53,102,55,56,55,52,49,99,48,97,101,54,98,102,101,49,51,54,98,100,51,51,53,98,49,50,56,55,99,102,102,102,57,99,52,56,97,57,52,101,57,100,49,102,55,53,54,49,54,54,53,55,48,54,49,57,50,48,48,102,53,99,49,54,100,102,55,52,102,54,49,51,100,101,98,51,49,57,99,50,98,100,98,54,97,52,53,56,101,56,56,48,48,50,98,100,51,99,51,98,55,98,55,53,57,50,97,51,98,51,51,51,99,99,53,99,98,56,57,97,53,100,100,57","['Tennis', 'Electronics', 'Music Production', 'Usability Testing', 'Prototyping']",09-05-1970,TECH2021@EY.com,12900
